1	1	 15.01923344
1	2	 -6.48123521
1	3	  1.45348700
1	4	 -1.21138281
1	5	  0.17993320
1	6	 -0.38560977
1	7	 -0.02946080
1	8	 -0.09839104
1	9	 -0.06710145
1	10	 -0.05653753
1	11	 -0.14024594
1	12	 -6.50240322
1	13	  1.25679123
1	14	 -0.59508219
1	15	  0.21108649
1	16	 -0.04471112
1	17	  0.04635796
1	18	  0.06059691
1	19	 -0.04067207
1	20	 -0.01999217
1	21	  0.00896528
1	22	 -0.06196629
1	23	  1.43951985
1	24	 -0.48633557
1	25	  0.05100360
1	26	 -0.05250780
1	27	 -0.07811273
1	28	  0.00599527
1	29	 -0.10544419
1	30	  0.00951122
1	31	 -0.01030942
1	32	 -0.05695786
1	33	  0.02199494
1	34	 -1.21018275
1	35	  0.13883487
1	36	 -0.10634766
1	37	 -0.03272443
1	38	 -0.00213848
1	39	  0.00807967
1	40	  0.07358871
1	41	 -0.00950735
1	42	  0.07154002
1	43	 -0.02837705
1	44	 -0.02130234
1	45	  0.20249487
1	46	 -0.11225493
1	47	  0.00328494
1	48	  0.01638558
1	49	 -0.01033868
1	50	  0.01489353
1	51	  0.00806260
1	52	 -0.05259963
1	53	 -0.10378542
1	54	 -0.03048678
1	55	 -0.00138753
1	56	 -0.47372838
1	57	  0.02667777
1	58	 -0.07587593
1	59	 -0.00942094
1	60	 -0.03058929
1	61	 -0.06394667
1	62	 -0.00947975
1	63	  0.04743979
1	64	  0.04228409
1	65	  0.01204318
1	66	  0.02298585
1	67	 -0.00211195
1	68	  0.02642521
1	69	  0.00446375
1	70	  0.00998813
1	71	  0.03586553
1	72	 -0.01971716
1	73	  0.07455886
1	74	 -0.11732386
1	75	  0.02546238
1	76	 -0.07363474
1	77	  0.02914180
1	78	 -0.20808718
1	79	  0.00205354
1	80	 -0.06690225
1	81	 -0.04193602
1	82	  0.03397924
1	83	 -0.03205973
1	84	  0.00073331
1	85	 -0.00787045
1	86	  0.01348736
1	87	  0.07176151
1	88	 -0.04309669
1	89	 -0.06574524
1	90	 -0.01715363
1	91	  0.01808981
1	92	 -0.04392413
1	93	 -0.00650286
1	94	 -0.02745494
1	95	  0.02860148
1	96	  0.01400055
1	97	 -0.01587834
1	98	 -0.02716130
1	99	  0.00941210
1	100	 -0.03982328
1	101	 -0.04351324
1	102	 -0.02721450
1	103	  0.05274430
1	104	 -0.05374077
1	105	 -0.02651679
1	106	  0.00123129
1	107	  0.04006690
1	108	 -0.06729009
1	109	  0.00016816
1	110	  0.00943321
1	111	 -0.17869247
1	112	  0.12869471
1	113	 -0.05159473
1	114	 -0.03060803
1	115	  0.05030680
1	116	 -0.00293995
1	117	  0.03397402
1	118	 -0.06052624
1	119	  0.00361766
1	120	  0.04820885
1	121	 -0.00729808
2	1	 -6.48123521
2	2	 19.41483458
2	3	 -7.83865865
2	4	  2.38875039
2	5	 -1.50502313
2	6	  0.44657424
2	7	 -0.36169680
2	8	  0.00325669
2	9	 -0.11404604
2	10	  0.04010130
2	11	 -0.13547652
2	12	  1.31094142
2	13	 -6.49193516
2	14	  1.27964059
2	15	 -0.58974256
2	16	  0.26310251
2	17	 -0.06617465
2	18	 -0.03711105
2	19	  0.05741898
2	20	 -0.00650940
2	21	 -0.03419917
2	22	 -0.00309961
2	23	 -0.72883626
2	24	  2.03161522
2	25	 -0.69082279
2	26	  0.07689089
2	27	 -0.08670438
2	28	 -0.03155383
2	29	  0.09929535
2	30	 -0.03827909
2	31	  0.00705247
2	32	  0.05572340
2	33	 -0.04147847
2	34	  0.23114634
2	35	 -1.12315926
2	36	  0.21677999
2	37	 -0.06043582
2	38	  0.07307340
2	39	 -0.01856619
2	40	 -0.08160637
2	41	  0.05602927
2	42	 -0.10226388
2	43	 -0.01094443
2	44	 -0.03360193
2	45	 -0.17017366
2	46	  0.41544957
2	47	 -0.11136391
2	48	 -0.05452184
2	49	 -0.02597578
2	50	 -0.06897414
2	51	 -0.03343248
2	52	 -0.00492184
2	53	  0.05637086
2	54	  0.00843924
2	55	  0.02347767
2	56	  0.09920221
2	57	 -0.30173799
2	58	  0.02242513
2	59	 -0.06953934
2	60	  0.05805880
2	61	  0.01829374
2	62	  0.04970157
2	63	 -0.06894697
2	64	 -0.04665401
2	65	 -0.06870648
2	66	 -0.00197248
2	67	 -0.05588572
2	68	  0.02829577
2	69	 -0.05235872
2	70	 -0.00270491
2	71	 -0.07177095
2	72	  0.07773110
2	73	 -0.12082158
2	74	  0.09531209
2	75	  0.02744132
2	76	  0.03285547
2	77	 -0.02422438
2	78	 -0.03738509
2	79	 -0.07182258
2	80	  0.03901279
2	81	 -0.00432090
2	82	 -0.01311745
2	83	 -0.01713301
2	84	 -0.01383649
2	85	  0.01150327
2	86	 -0.04914751
2	87	 -0.03000661
2	88	  0.00807885
2	89	 -0.03365124
2	90	  0.06376695
2	91	 -0.05888099
2	92	  0.06197783
2	93	 -0.04367104
2	94	  0.01616679
2	95	 -0.01622837
2	96	  0.00351012
2	97	 -0.02545401
2	98	  0.07362401
2	99	 -0.02672680
2	100	 -0.05738961
2	101	  0.04805200
2	102	  0.03180645
2	103	 -0.05881148
2	104	  0.05658945
2	105	 -0.01115303
2	106	  0.05164636
2	107	 -0.08666477
2	108	  0.05846110
2	109	 -0.06751818
2	110	  0.02579770
2	111	 -0.00081841
2	112	 -0.12652303
2	113	 -0.01747897
2	114	 -0.01466728
2	115	 -0.06980319
2	116	  0.00996294
2	117	 -0.04494359
2	118	  0.10881691
2	119	 -0.06482956
2	120	  0.01852639
2	121	 -0.01266495
3	1	  1.45348700
3	2	 -7.83865865
3	3	 20.05431261
3	4	 -8.14968135
3	5	  2.49276184
3	6	 -1.51984199
3	7	  0.39821038
3	8	 -0.31925642
3	9	  0.03191515
3	10	 -0.19748837
3	11	 -0.05963000
3	12	 -0.60615948
3	13	  1.54646625
3	14	 -6.48800275
3	15	  1.28788973
3	16	 -0.57157852
3	17	  0.17416363
3	18	 -0.01184409
3	19	 -0.02852352
3	20	  0.00664074
3	21	  0.04130447
3	22	 -0.00017548
3	23	 -0.00568086
3	24	 -0.88021734
3	25	  2.11131841
3	26	 -0.64887569
3	27	  0.14068955
3	28	 -0.07064242
3	29	 -0.06135919
3	30	  0.00463995
3	31	 -0.01878483
3	32	  0.00589621
3	33	 -0.03350411
3	34	 -0.10059377
3	35	  0.30762120
3	36	 -1.10635130
3	37	  0.18482840
3	38	 -0.05377726
3	39	 -0.03232392
3	40	  0.05133375
3	41	 -0.08406019
3	42	  0.03620627
3	43	  0.04105379
3	44	  0.00509911
3	45	 -0.00965982
3	46	 -0.28971814
3	47	  0.44058901
3	48	 -0.11160548
3	49	 -0.06069552
3	50	  0.08609537
3	51	 -0.04502765
3	52	 -0.06892470
3	53	 -0.04637789
3	54	  0.03179020
3	55	 -0.03965025
3	56	 -0.11385440
3	57	  0.14874957
3	58	 -0.27201976
3	59	  0.04340115
3	60	 -0.06860914
3	61	 -0.06344409
3	62	  0.00160699
3	63	 -0.00869684
3	64	  0.06805857
3	65	 -0.01275010
3	66	 -0.04256673
3	67	 -0.00985190
3	68	 -0.13155139
3	69	  0.02860492
3	70	  0.06337150
3	71	 -0.04605369
3	72	 -0.09354553
3	73	  0.06842297
3	74	 -0.05937038
3	75	 -0.03246790
3	76	 -0.00129630
3	77	  0.06770517
3	78	  0.01171234
3	79	 -0.03599769
3	80	 -0.07211583
3	81	  0.05544703
3	82	  0.02625552
3	83	  0.03946544
3	84	 -0.04223523
3	85	  0.02943164
3	86	  0.06571022
3	87	  0.00763812
3	88	 -0.07522143
3	89	  0.05185516
3	90	 -0.00933029
3	91	  0.02207848
3	92	 -0.05960990
3	93	 -0.01288871
3	94	 -0.05889937
3	95	  0.07055005
3	96	 -0.07781619
3	97	  0.02042802
3	98	 -0.00760210
3	99	  0.03402607
3	100	 -0.03693103
3	101	 -0.00196448
3	102	 -0.09605770
3	103	  0.06059666
3	104	 -0.04037772
3	105	  0.09080940
3	106	 -0.05842361
3	107	  0.03602342
3	108	 -0.11540378
3	109	 -0.00785550
3	110	 -0.02409350
3	111	 -0.08041501
3	112	  0.00080682
3	113	 -0.04494828
3	114	 -0.01518746
3	115	  0.01378278
3	116	  0.00648876
3	117	  0.01154237
3	118	 -0.02819130
3	119	  0.07670950
3	120	  0.00425240
3	121	 -0.00438808
4	1	 -1.21138281
4	2	  2.38875039
4	3	 -8.14968135
4	4	 20.25339028
4	5	 -8.21836495
4	6	  2.57141258
4	7	 -1.53059650
4	8	  0.47803296
4	9	 -0.43482387
4	10	  0.09511763
4	11	 -0.16548380
4	12	  0.15542695
4	13	 -0.70430239
4	14	  1.49881754
4	15	 -6.43352111
4	16	  1.26409697
4	17	 -0.48344867
4	18	  0.14362593
4	19	 -0.03113500
4	20	  0.03895840
4	21	 -0.05217876
4	22	  0.01058096
4	23	 -0.16501962
4	24	  0.27861624
4	25	 -0.83073097
4	26	  2.06628867
4	27	 -0.61489567
4	28	  0.03815444
4	29	 -0.08703315
4	30	 -0.03893755
4	31	 -0.01948062
4	32	 -0.01553814
4	33	 -0.02021030
4	34	  0.03274011
4	35	 -0.18857023
4	36	  0.27291901
4	37	 -1.06569286
4	38	  0.18603276
4	39	 -0.11677152
4	40	  0.00563903
4	41	  0.02050991
4	42	 -0.00607170
4	43	  0.02398790
4	44	 -0.00623578
4	45	 -0.02157797
4	46	  0.09480724
4	47	 -0.21163423
4	48	  0.41094072
4	49	 -0.18621949
4	50	 -0.05078418
4	51	 -0.00292373
4	52	  0.07096257
4	53	 -0.05678044
4	54	 -0.02279861
4	55	  0.00409705
4	56	  0.01510461
4	57	 -0.08722251
4	58	 -0.00763965
4	59	 -0.20737795
4	60	  0.04642542
4	61	  0.00116834
4	62	  0.06617554
4	63	 -0.01818128
4	64	 -0.08064279
4	65	 -0.01045802
4	66	 -0.02678015
4	67	 -0.05750199
4	68	  0.06981048
4	69	 -0.01236038
4	70	  0.03219005
4	71	 -0.02159807
4	72	 -0.03980633
4	73	 -0.02950592
4	74	  0.03282116
4	75	  0.00598264
4	76	 -0.00045482
4	77	 -0.03622713
4	78	 -0.03758481
4	79	 -0.05571010
4	80	  0.02065959
4	81	 -0.13005270
4	82	 -0.00064331
4	83	  0.00158734
4	84	 -0.00314690
4	85	 -0.00962283
4	86	  0.02298548
4	87	  0.04056924
4	88	  0.04537933
4	89	 -0.03527302
4	90	  0.01913995
4	91	 -0.01122403
4	92	  0.00266310
4	93	  0.02673873
4	94	  0.08178020
4	95	 -0.07365549
4	96	  0.02671091
4	97	  0.00136910
4	98	 -0.01923075
4	99	 -0.03270019
4	100	  0.05557237
4	101	 -0.05750617
4	102	 -0.00375735
4	103	 -0.05128471
4	104	 -0.04851070
4	105	 -0.02772802
4	106	  0.02124662
4	107	 -0.01402769
4	108	  0.03203110
4	109	 -0.01729204
4	110	 -0.00982505
4	111	 -0.01268478
4	112	 -0.00131542
4	113	  0.00902003
4	114	  0.00504707
4	115	 -0.03472817
4	116	 -0.01635619
4	117	  0.00528763
4	118	 -0.04332282
4	119	 -0.01520687
4	120	 -0.00920224
4	121	  0.02354683
5	1	  0.17993320
5	2	 -1.50502313
5	3	  2.49276184
5	4	 -8.21836495
5	5	 20.26747108
5	6	 -8.17681734
5	7	  2.54205565
5	8	 -1.60027941
5	9	  0.51038530
5	10	 -0.45523219
5	11	 -0.01460260
5	12	  0.00011602
5	13	  0.24983247
5	14	 -0.66375533
5	15	  1.54479989
5	16	 -6.43709966
5	17	  1.16984830
5	18	 -0.46941035
5	19	  0.15884027
5	20	 -0.03017118
5	21	  0.02211831
5	22	  0.03614547
5	23	 -0.08297335
5	24	 -0.16607727
5	25	  0.18597613
5	26	 -0.86484136
5	27	  2.05264384
5	28	 -0.64084195
5	29	  0.10083089
5	30	 -0.08370187
5	31	  0.00815649
5	32	 -0.06776474
5	33	 -0.06938959
5	34	 -0.01485977
5	35	  0.08869377
5	36	 -0.15176556
5	37	  0.27137759
5	38	 -1.08194974
5	39	  0.16136808
5	40	 -0.08795898
5	41	 -0.00470072
5	42	 -0.07160782
5	43	  0.01001477
5	44	  0.05606663
5	45	 -0.05848214
5	46	 -0.05016899
5	47	  0.03209704
5	48	 -0.24178266
5	49	  0.46679048
5	50	 -0.11457497
5	51	  0.03050385
5	52	 -0.07135510
5	53	  0.08364815
5	54	 -0.03397037
5	55	 -0.04882681
5	56	  0.04207477
5	57	  0.04570529
5	58	 -0.02041973
5	59	  0.08860135
5	60	 -0.32048360
5	61	  0.01764869
5	62	 -0.03674431
5	63	  0.04776424
5	64	  0.02500277
5	65	 -0.01541818
5	66	 -0.00272865
5	67	  0.04660288
5	68	 -0.07890940
5	69	  0.01754469
5	70	 -0.02427713
5	71	  0.11251387
5	72	  0.03320732
5	73	 -0.05604840
5	74	 -0.06735412
5	75	 -0.00606850
5	76	 -0.00202183
5	77	  0.03333815
5	78	 -0.06932896
5	79	  0.05939430
5	80	 -0.05577031
5	81	  0.05662093
5	82	 -0.17273766
5	83	  0.05691159
5	84	 -0.02166335
5	85	  0.00774998
5	86	  0.00781214
5	87	 -0.06944841
5	88	 -0.03023158
5	89	 -0.01603301
5	90	 -0.01344532
5	91	 -0.03526273
5	92	  0.03176145
5	93	 -0.04004222
5	94	 -0.04366932
5	95	 -0.01499692
5	96	  0.03726223
5	97	  0.01597724
5	98	  0.03674228
5	99	 -0.00320601
5	100	 -0.03030376
5	101	  0.03728984
5	102	  0.07270851
5	103	 -0.01034853
5	104	 -0.03786054
5	105	  0.03227289
5	106	 -0.01444051
5	107	 -0.05817939
5	108	  0.01711713
5	109	 -0.02872374
5	110	 -0.03888297
5	111	  0.01367216
5	112	 -0.04014000
5	113	 -0.05803244
5	114	 -0.01420340
5	115	  0.00713467
5	116	 -0.01930929
5	117	 -0.01174303
5	118	 -0.01058947
5	119	  0.08462042
5	120	 -0.07077642
5	121	  0.01294031
6	1	 -0.38560977
6	2	  0.44657424
6	3	 -1.51984199
6	4	  2.57141258
6	5	 -8.17681734
6	6	 20.31064694
6	7	 -8.26592340
6	8	  2.58261116
6	9	 -1.61904874
6	10	  0.50772109
6	11	 -0.41045251
6	12	 -0.07484200
6	13	 -0.05983313
6	14	  0.19071418
6	15	 -0.62531739
6	16	  1.36151629
6	17	 -6.40689048
6	18	  1.23340567
6	19	 -0.53276623
6	20	  0.23385046
6	21	 -0.08162062
6	22	  0.03735784
6	23	  0.07007005
6	24	  0.05519882
6	25	 -0.14246847
6	26	  0.20543808
6	27	 -0.86971496
6	28	  2.07119348
6	29	 -0.59181252
6	30	  0.12291625
6	31	 -0.15292181
6	32	  0.02456249
6	33	 -0.04189655
6	34	  0.01476096
6	35	 -0.11224570
6	36	  0.04014327
6	37	 -0.15325737
6	38	  0.29840740
6	39	 -0.98886739
6	40	  0.15422752
6	41	 -0.08722383
6	42	 -0.00408576
6	43	  0.03611858
6	44	 -0.04581560
6	45	 -0.04200388
6	46	  0.09323442
6	47	 -0.04776370
6	48	  0.13904278
6	49	 -0.26622675
6	50	  0.39228091
6	51	 -0.16948600
6	52	  0.05865171
6	53	 -0.12902626
6	54	  0.02762374
6	55	 -0.05179832
6	56	  0.01921807
6	57	 -0.07531744
6	58	  0.01248022
6	59	 -0.12012239
6	60	  0.11326208
6	61	 -0.27199834
6	62	  0.02530773
6	63	 -0.02264144
6	64	 -0.03555512
6	65	 -0.01926408
6	66	  0.10087988
6	67	 -0.06941456
6	68	  0.08429775
6	69	 -0.06234908
6	70	  0.08078602
6	71	 -0.06322297
6	72	  0.08710214
6	73	 -0.03935823
6	74	  0.03039029
6	75	 -0.01717890
6	76	  0.03035321
6	77	 -0.11893673
6	78	  0.05885948
6	79	 -0.11312926
6	80	  0.03342552
6	81	 -0.10561764
6	82	  0.06179084
6	83	 -0.12493208
6	84	  0.05472565
6	85	 -0.08679496
6	86	  0.02060870
6	87	  0.01786336
6	88	  0.05440754
6	89	  0.00029131
6	90	  0.00852016
6	91	  0.04981846
6	92	 -0.03614065
6	93	  0.00392881
6	94	  0.06097357
6	95	 -0.00115379
6	96	  0.02863057
6	97	 -0.04612102
6	98	  0.03016685
6	99	 -0.09903230
6	100	  0.04289589
6	101	 -0.09691336
6	102	  0.02794171
6	103	 -0.05447880
6	104	  0.07706693
6	105	 -0.07331797
6	106	 -0.00548251
6	107	  0.01591280
6	108	  0.05826125
6	109	 -0.00203248
6	110	 -0.00033996
6	111	 -0.08071878
6	112	  0.05504799
6	113	 -0.02562490
6	114	 -0.01806773
6	115	  0.03745844
6	116	 -0.08856394
6	117	 -0.02186747
6	118	  0.03465879
6	119	 -0.06433388
6	120	  0.01341740
6	121	 -0.02141231
7	1	 -0.02946080
7	2	 -0.36169680
7	3	  0.39821038
7	4	 -1.53059650
7	5	  2.54205565
7	6	 -8.26592340
7	7	 20.37619813
7	8	 -8.19587527
7	9	  2.43087357
7	10	 -1.45340726
7	11	  0.16407772
7	12	  0.02342979
7	13	 -0.04065744
7	14	 -0.00892409
7	15	  0.25169990
7	16	 -0.62813134
7	17	  1.50700192
7	18	 -6.49997477
7	19	  1.25622893
7	20	 -0.54277592
7	21	  0.25067368
7	22	 -0.03194541
7	23	 -0.13098065
7	24	  0.01539122
7	25	 -0.08201868
7	26	 -0.17019889
7	27	  0.18387874
7	28	 -0.82353565
7	29	  2.09889914
7	30	 -0.69754727
7	31	  0.15560521
7	32	 -0.15277343
7	33	 -0.06493169
7	34	  0.01181835
7	35	  0.05704863
7	36	  0.02762868
7	37	  0.10180070
7	38	 -0.14875385
7	39	  0.24371601
7	40	 -1.06918341
7	41	  0.26333806
7	42	 -0.08895939
7	43	 -0.08161285
7	44	 -0.02605502
7	45	 -0.02715745
7	46	 -0.07146345
7	47	  0.06302433
7	48	 -0.15754727
7	49	  0.11466257
7	50	 -0.21865204
7	51	  0.47165289
7	52	 -0.21939143
7	53	  0.00891219
7	54	 -0.00870941
7	55	  0.03098643
7	56	  0.01220080
7	57	  0.06196421
7	58	 -0.09235628
7	59	  0.13108966
7	60	 -0.10594520
7	61	  0.06911195
7	62	 -0.28701251
7	63	  0.03776519
7	64	  0.04478133
7	65	 -0.04081145
7	66	 -0.06883512
7	67	 -0.02722263
7	68	 -0.02786365
7	69	  0.03756511
7	70	 -0.04997200
7	71	  0.02779660
7	72	  0.01206400
7	73	  0.08647584
7	74	 -0.03631311
7	75	 -0.05779654
7	76	 -0.00272168
7	77	  0.05152344
7	78	  0.00715297
7	79	  0.04711888
7	80	 -0.02916440
7	81	 -0.04214770
7	82	  0.01135458
7	83	 -0.01969696
7	84	 -0.13824428
7	85	  0.00284799
7	86	 -0.02221473
7	87	 -0.03532294
7	88	 -0.01613270
7	89	 -0.06447704
7	90	  0.04157142
7	91	 -0.03047164
7	92	  0.02978372
7	93	 -0.00135057
7	94	  0.06255182
7	95	  0.02463802
7	96	 -0.03641048
7	97	 -0.01437969
7	98	  0.01938848
7	99	 -0.01341468
7	100	 -0.01610734
7	101	  0.09780201
7	102	 -0.09478293
7	103	  0.09593957
7	104	 -0.10476324
7	105	  0.03532120
7	106	 -0.03359037
7	107	 -0.01120977
7	108	 -0.01638446
7	109	 -0.07211884
7	110	  0.02510472
7	111	  0.06005048
7	112	 -0.08047978
7	113	  0.01283888
7	114	 -0.00766778
7	115	 -0.05987792
7	116	 -0.02636329
7	117	  0.04156304
7	118	 -0.03634650
7	119	  0.00908099
7	120	 -0.02932461
7	121	  0.04180738
8	1	 -0.09839104
8	2	  0.00325669
8	3	 -0.31925642
8	4	  0.47803296
8	5	 -1.60027941
8	6	  2.58261116
8	7	 -8.19587527
8	8	 20.13546368
8	9	 -8.06915902
8	10	  2.35883162
8	11	 -1.24693553
8	12	 -0.06349618
8	13	  0.02510148
8	14	 -0.01175363
8	15	 -0.07800824
8	16	  0.29406634
8	17	 -0.68613269
8	18	  1.51602271
8	19	 -6.41982601
8	20	  1.30837240
8	21	 -0.56189106
8	22	  0.17587614
8	23	  0.03902422
8	24	 -0.11769373
8	25	  0.09633512
8	26	 -0.03497683
8	27	 -0.17014843
8	28	  0.24070961
8	29	 -0.94786567
8	30	  2.18824401
8	31	 -0.60332140
8	32	  0.03157319
8	33	 -0.08512224
8	34	 -0.02654961
8	35	 -0.04126419
8	36	 -0.01287981
8	37	 -0.06449871
8	38	  0.16241331
8	39	 -0.14288820
8	40	  0.29553492
8	41	 -1.14683396
8	42	  0.18348741
8	43	 -0.04615791
8	44	 -0.03006212
8	45	 -0.04901015
8	46	  0.03517808
8	47	  0.00515666
8	48	  0.13933628
8	49	 -0.15359620
8	50	  0.09950670
8	51	 -0.23862417
8	52	  0.45790230
8	53	 -0.17674129
8	54	 -0.04676078
8	55	 -0.01380912
8	56	  0.00372594
8	57	  0.01251888
8	58	  0.01630446
8	59	 -0.11206741
8	60	  0.00951297
8	61	 -0.11136482
8	62	  0.14940809
8	63	 -0.34025391
8	64	 -0.00624619
8	65	 -0.04101408
8	66	  0.01300004
8	67	  0.05754093
8	68	 -0.03708124
8	69	  0.00822190
8	70	  0.02839927
8	71	  0.00612411
8	72	 -0.00383246
8	73	 -0.03124592
8	74	  0.12684749
8	75	 -0.00131711
8	76	 -0.05689209
8	77	 -0.03250186
8	78	 -0.04481395
8	79	 -0.02906655
8	80	 -0.01971308
8	81	 -0.00872040
8	82	 -0.04976768
8	83	  0.01525484
8	84	 -0.00556131
8	85	 -0.06956779
8	86	  0.00146850
8	87	  0.03399612
8	88	 -0.06128852
8	89	  0.06452375
8	90	 -0.00713857
8	91	 -0.00247559
8	92	  0.02618769
8	93	  0.02203559
8	94	 -0.06471738
8	95	  0.01450644
8	96	 -0.00641340
8	97	 -0.03582483
8	98	 -0.03556786
8	99	  0.07459830
8	100	 -0.05769446
8	101	 -0.05486121
8	102	  0.05348906
8	103	 -0.08635877
8	104	  0.06491967
8	105	 -0.03458466
8	106	  0.00021271
8	107	 -0.06622308
8	108	  0.06364334
8	109	  0.08382078
8	110	 -0.11333880
8	111	  0.02916823
8	112	  0.00920302
8	113	 -0.02509795
8	114	  0.00386923
8	115	 -0.07386465
8	116	  0.04244346
8	117	 -0.05498979
8	118	  0.03366979
8	119	 -0.06012752
8	120	 -0.02146385
8	121	  0.00931940
9	1	 -0.06710145
9	2	 -0.11404604
9	3	  0.03191515
9	4	 -0.43482387
9	5	  0.51038530
9	6	 -1.61904874
9	7	  2.43087357
9	8	 -8.06915902
9	9	 19.98428971
9	10	 -7.76773392
9	11	  1.42128222
9	12	 -0.00219647
9	13	  0.03552556
9	14	 -0.00170402
9	15	  0.03972541
9	16	 -0.11433426
9	17	  0.33580817
9	18	 -0.62584358
9	19	  1.47591021
9	20	 -6.41500474
9	21	  1.25187295
9	22	 -0.48008129
9	23	  0.00156095
9	24	  0.01183260
9	25	 -0.05724484
9	26	  0.00547000
9	27	  0.09503626
9	28	 -0.18415663
9	29	  0.21532098
9	30	 -0.92108060
9	31	  2.02176598
9	32	 -0.56856219
9	33	 -0.06008899
9	34	 -0.06315264
9	35	 -0.00030192
9	36	  0.00116654
9	37	  0.01904734
9	38	 -0.18204867
9	39	  0.12887111
9	40	 -0.11925957
9	41	  0.27613345
9	42	 -1.05764377
9	43	  0.15328359
9	44	 -0.06814618
9	45	  0.02365248
9	46	 -0.04194070
9	47	  0.03060870
9	48	 -0.13609202
9	49	  0.16100823
9	50	 -0.13317200
9	51	  0.06122141
9	52	 -0.25926230
9	53	  0.46458350
9	54	 -0.17352943
9	55	 -0.07462436
9	56	  0.02402187
9	57	  0.06552555
9	58	  0.00338462
9	59	  0.04301201
9	60	 -0.06072555
9	61	  0.07766660
9	62	 -0.14252008
9	63	  0.09734007
9	64	 -0.27227359
9	65	  0.07098540
9	66	 -0.06186758
9	67	 -0.01349624
9	68	 -0.01896637
9	69	 -0.11055788
9	70	  0.03253479
9	71	 -0.00567771
9	72	 -0.06654947
9	73	 -0.04695343
9	74	 -0.00934071
9	75	  0.04934964
9	76	  0.04413482
9	77	 -0.11633250
9	78	  0.02791426
9	79	  0.05743441
9	80	  0.00580382
9	81	  0.02067079
9	82	 -0.01482276
9	83	 -0.00822043
9	84	  0.03677992
9	85	 -0.05323313
9	86	 -0.05039086
9	87	 -0.00400038
9	88	 -0.03775296
9	89	 -0.02521938
9	90	 -0.01441428
9	91	  0.03345768
9	92	 -0.09777407
9	93	  0.06864574
9	94	 -0.06568293
9	95	  0.01319742
9	96	  0.04593763
9	97	 -0.02452834
9	98	 -0.02305879
9	99	 -0.02566085
9	100	 -0.02444739
9	101	 -0.00251159
9	102	 -0.06139486
9	103	  0.06255472
9	104	 -0.12521035
9	105	  0.05067212
9	106	 -0.03347645
9	107	  0.03722083
9	108	 -0.05866285
9	109	 -0.04838332
9	110	  0.06516917
9	111	  0.01190666
9	112	 -0.00698751
9	113	  0.01977622
9	114	  0.04238162
9	115	 -0.00963953
9	116	 -0.01687484
9	117	 -0.00542869
9	118	  0.03403725
9	119	 -0.03648771
9	120	  0.01081389
9	121	 -0.08377031
10	1	 -0.05653753
10	2	  0.04010130
10	3	 -0.19748837
10	4	  0.09511763
10	5	 -0.45523219
10	6	  0.50772109
10	7	 -1.45340726
10	8	  2.35883162
10	9	 -7.76773392
10	10	 19.31626399
10	11	 -6.49379507
10	12	 -0.08526593
10	13	  0.03918992
10	14	  0.06495603
10	15	 -0.04844211
10	16	  0.07335044
10	17	 -0.11753456
10	18	  0.22676020
10	19	 -0.63314189
10	20	  1.48424947
10	21	 -6.41088721
10	22	  1.04314734
10	23	  0.01898611
10	24	  0.00471646
10	25	 -0.10037507
10	26	  0.00822466
10	27	 -0.02431436
10	28	  0.04702308
10	29	 -0.16522509
10	30	  0.28435594
10	31	 -0.87126089
10	32	  2.08038691
10	33	 -0.48471686
10	34	  0.03540323
10	35	 -0.04433174
10	36	 -0.03233113
10	37	 -0.01226624
10	38	  0.08665415
10	39	 -0.08161961
10	40	  0.02651165
10	41	 -0.10924567
10	42	  0.20119779
10	43	 -1.11065188
10	44	  0.03949501
10	45	 -0.00227525
10	46	  0.01461595
10	47	 -0.02021117
10	48	  0.06132333
10	49	 -0.16061347
10	50	  0.12755771
10	51	 -0.05348411
10	52	  0.06044846
10	53	 -0.24562903
10	54	  0.46126367
10	55	 -0.12683509
10	56	 -0.00952495
10	57	 -0.04931311
10	58	  0.03726809
10	59	 -0.13674030
10	60	  0.09484484
10	61	 -0.10170521
10	62	  0.03697665
10	63	 -0.02411029
10	64	  0.03333461
10	65	 -0.24594202
10	66	 -0.03344830
10	67	 -0.00803194
10	68	  0.01628635
10	69	  0.02610581
10	70	  0.02542667
10	71	 -0.05177267
10	72	  0.01876023
10	73	  0.03008503
10	74	 -0.04040105
10	75	 -0.06121968
10	76	  0.05241135
10	77	 -0.02422717
10	78	 -0.01653357
10	79	 -0.01382404
10	80	 -0.08299089
10	81	 -0.00345382
10	82	  0.03881832
10	83	  0.05486806
10	84	 -0.07306551
10	85	  0.01218031
10	86	 -0.06917065
10	87	 -0.02592457
10	88	 -0.01114250
10	89	 -0.07211244
10	90	  0.02382637
10	91	 -0.00602494
10	92	  0.06712974
10	93	 -0.02304095
10	94	 -0.03335824
10	95	 -0.01187166
10	96	 -0.04796077
10	97	  0.00633512
10	98	 -0.04055537
10	99	 -0.04571023
10	100	  0.01638288
10	101	  0.08469436
10	102	  0.02211343
10	103	  0.01469680
10	104	  0.01380575
10	105	 -0.06872968
10	106	  0.04709165
10	107	  0.00093143
10	108	  0.11456808
10	109	 -0.09649774
10	110	 -0.03287879
10	111	 -0.00742065
10	112	 -0.01471248
10	113	 -0.02834093
10	114	 -0.04617062
10	115	 -0.01141809
10	116	  0.02472175
10	117	 -0.00528302
10	118	 -0.04233435
10	119	 -0.05735287
10	120	  0.01018814
10	121	  0.04727176
11	1	 -0.14024594
11	2	 -0.13547652
11	3	 -0.05963000
11	4	 -0.16548380
11	5	 -0.01460260
11	6	 -0.41045251
11	7	  0.16407772
11	8	 -1.24693553
11	9	  1.42128222
11	10	 -6.49379507
11	11	 14.97454694
11	12	  0.01161015
11	13	 -0.02122491
11	14	 -0.00864694
11	15	  0.07384255
11	16	 -0.01185326
11	17	  0.13028446
11	18	 -0.10596115
11	19	  0.32811528
11	20	 -0.62307106
11	21	  1.43784433
11	22	 -6.44033297
11	23	 -0.05106785
11	24	  0.00904985
11	25	  0.08242443
11	26	 -0.07141803
11	27	 -0.02393284
11	28	 -0.08163547
11	29	  0.01528337
11	30	 -0.15502178
11	31	  0.11204896
11	32	 -0.74104567
11	33	  1.38598216
11	34	 -0.00919787
11	35	 -0.03234476
11	36	  0.01231264
11	37	  0.06639303
11	38	 -0.06791814
11	39	  0.02954223
11	40	 -0.05041805
11	41	 -0.01936600
11	42	 -0.09352417
11	43	  0.23605404
11	44	 -1.19522636
11	45	  0.04633088
11	46	 -0.00154932
11	47	 -0.01710320
11	48	 -0.08846609
11	49	  0.05856407
11	50	 -0.04746418
11	51	  0.00446716
11	52	  0.02801368
11	53	 -0.05648199
11	54	 -0.13703476
11	55	  0.18081507
11	56	 -0.09926665
11	57	  0.02741498
11	58	 -0.04417486
11	59	  0.07716415
11	60	 -0.01787630
11	61	  0.04807931
11	62	 -0.09214220
11	63	  0.06456511
11	64	 -0.01460137
11	65	  0.03300074
11	66	 -0.38062698
11	67	 -0.00843721
11	68	  0.01042248
11	69	  0.04379247
11	70	 -0.00655917
11	71	  0.01154915
11	72	 -0.02257177
11	73	  0.03322874
11	74	  0.03766171
11	75	 -0.03613855
11	76	 -0.03237787
11	77	 -0.00824863
11	78	 -0.00617696
11	79	  0.00271253
11	80	  0.01074559
11	81	 -0.02243876
11	82	 -0.02491833
11	83	  0.01397202
11	84	 -0.01611610
11	85	 -0.02168553
11	86	 -0.01098449
11	87	 -0.00594516
11	88	 -0.20648533
11	89	 -0.00104425
11	90	  0.00264652
11	91	 -0.00224462
11	92	  0.00969350
11	93	  0.00583174
11	94	 -0.00852262
11	95	  0.03966775
11	96	 -0.00183777
11	97	  0.02332671
11	98	 -0.01633119
11	99	 -0.04234763
11	100	  0.01747851
11	101	  0.01068366
11	102	 -0.00034294
11	103	  0.03816583
11	104	 -0.05073589
11	105	  0.04674215
11	106	 -0.06696543
11	107	  0.02051407
11	108	 -0.12074782
11	109	  0.11393422
11	110	 -0.08250290
11	111	 -0.02617159
11	112	 -0.01292693
11	113	  0.00664584
11	114	 -0.04814114
11	115	  0.02098728
11	116	 -0.03993686
11	117	  0.00387138
11	118	 -0.03683811
11	119	 -0.02407027
11	120	 -0.09947299
11	121	 -0.12806195
12	1	 -6.50240322
12	2	  1.31094142
12	3	 -0.60615948
12	4	  0.15542695
12	5	  0.00011602
12	6	 -0.07484200
12	7	  0.02342979
12	8	 -0.06349618
12	9	 -0.00219647
12	10	 -0.08526593
12	11	  0.01161015
12	12	 19.50616370
12	13	 -6.62008184
12	14	  2.05748087
12	15	 -1.22246561
12	16	  0.39824532
12	17	 -0.32919896
12	18	 -0.01100133
12	19	 -0.03348024
12	20	  0.02304351
12	21	 -0.06450824
12	22	  0.01384952
12	23	 -7.82320680
12	24	  1.26767072
12	25	 -0.59614107
12	26	  0.27980549
12	27	 -0.09707260
12	28	  0.01134036
12	29	  0.07722481
12	30	 -0.09310560
12	31	 -0.00934515
12	32	  0.02034676
12	33	 -0.02746918
12	34	  2.33009678
12	35	 -0.51222907
12	36	  0.12740571
12	37	 -0.03548081
12	38	 -0.08437856
12	39	 -0.03301639
12	40	  0.02047872
12	41	  0.00362203
12	42	 -0.03370727
12	43	  0.02459924
12	44	  0.02028327
12	45	 -1.45395065
12	46	  0.18305513
12	47	 -0.21644564
12	48	  0.05907564
12	49	  0.03205127
12	50	 -0.06620808
12	51	 -0.07612373
12	52	  0.00012965
12	53	  0.06521051
12	54	  0.00949001
12	55	 -0.00673383
12	56	  0.51294354
12	57	 -0.07511273
12	58	  0.06436137
12	59	 -0.04200869
12	60	 -0.02441167
12	61	  0.09378057
12	62	 -0.06174607
12	63	  0.02785733
12	64	  0.02982212
12	65	 -0.03864477
12	66	 -0.04389419
12	67	 -0.55194898
12	68	  0.01064907
12	69	 -0.11302734
12	70	  0.04048718
12	71	 -0.00355525
12	72	 -0.00797866
12	73	 -0.00907749
12	74	 -0.03978202
12	75	 -0.04012868
12	76	  0.05074586
12	77	 -0.02205460
12	78	  0.10382760
12	79	 -0.00753778
12	80	  0.08861021
12	81	 -0.03717005
12	82	  0.01240940
12	83	 -0.08228912
12	84	  0.04115824
12	85	  0.00812359
12	86	  0.04376562
12	87	 -0.06366148
12	88	  0.03187898
12	89	 -0.13286397
12	90	 -0.01055336
12	91	 -0.10251705
12	92	  0.00957023
12	93	  0.02567147
12	94	  0.00602105
12	95	 -0.01232963
12	96	 -0.01680085
12	97	 -0.02915910
12	98	  0.05683420
12	99	 -0.00272234
12	100	 -0.00189151
12	101	  0.01524070
12	102	  0.02662304
12	103	 -0.05341461
12	104	  0.00321552
12	105	  0.02259069
12	106	 -0.03009147
12	107	 -0.02272011
12	108	  0.01638691
12	109	 -0.04520681
12	110	  0.00186897
12	111	 -0.07202362
12	112	 -0.08602976
12	113	  0.02154234
12	114	  0.01393222
12	115	 -0.02912605
12	116	 -0.04457151
12	117	 -0.02001415
12	118	 -0.00109430
12	119	  0.04866880
12	120	 -0.04134655
12	121	 -0.00771249
13	1	  1.25679123
13	2	 -6.49193516
13	3	  1.54646625
13	4	 -0.70430239
13	5	  0.24983247
13	6	 -0.05983313
13	7	 -0.04065744
13	8	  0.02510148
13	9	  0.03552556
13	10	  0.03918992
13	11	 -0.02122491
13	12	 -6.62008184
13	13	 22.95956669
13	14	 -7.87072795
13	15	  2.83901439
13	16	 -1.53428218
13	17	  0.54078509
13	18	 -0.37362822
13	19	  0.09357684
13	20	 -0.22741019
13	21	  0.02802641
13	22	  0.00717306
13	23	  1.68772726
13	24	 -7.81005706
13	25	  1.36130092
13	26	 -0.64698059
13	27	  0.38445181
13	28	 -0.11383042
13	29	  0.01724633
13	30	  0.11870065
13	31	 -0.01460646
13	32	 -0.04845159
13	33	 -0.02276368
13	34	 -0.82226581
13	35	  2.70055855
13	36	 -0.61314971
13	37	  0.10368235
13	38	 -0.13411011
13	39	  0.09129120
13	40	 -0.04362852
13	41	 -0.04245287
13	42	  0.04780573
13	43	 -0.03797487
13	44	 -0.00261910
13	45	  0.32523694
13	46	 -1.46684626
13	47	  0.22124836
13	48	 -0.11156103
13	49	 -0.01035353
13	50	  0.03276137
13	51	  0.02516032
13	52	  0.07022119
13	53	 -0.02248935
13	54	 -0.06279181
13	55	  0.01136507
13	56	 -0.23199036
13	57	  0.63959081
13	58	 -0.14109163
13	59	  0.05169330
13	60	  0.01465614
13	61	 -0.02840705
13	62	  0.00349313
13	63	 -0.04705294
13	64	 -0.01740884
13	65	  0.01402431
13	66	 -0.00245446
13	67	  0.18387950
13	68	 -0.38810239
13	69	  0.04673066
13	70	 -0.06732201
13	71	 -0.06015992
13	72	 -0.00885969
13	73	 -0.02170460
13	74	  0.02319414
13	75	 -0.05108027
13	76	  0.00867215
13	77	 -0.01704944
13	78	 -0.04650715
13	79	  0.16048976
13	80	 -0.09444358
13	81	 -0.00104907
13	82	  0.04171619
13	83	  0.02626329
13	84	 -0.02458435
13	85	 -0.07768337
13	86	 -0.02492691
13	87	  0.03276873
13	88	  0.00950114
13	89	 -0.06727026
13	90	 -0.08014460
13	91	  0.10420392
13	92	 -0.04093602
13	93	 -0.01811105
13	94	 -0.00822780
13	95	  0.00823739
13	96	  0.03005063
13	97	  0.01265870
13	98	 -0.04399164
13	99	  0.01120675
13	100	 -0.02108074
13	101	 -0.04413798
13	102	 -0.06278341
13	103	  0.01813902
13	104	 -0.08326531
13	105	 -0.00252809
13	106	 -0.01483648
13	107	  0.07550095
13	108	 -0.02207964
13	109	  0.06352367
13	110	 -0.05961884
13	111	  0.03214731
13	112	  0.01030927
13	113	  0.03531463
13	114	 -0.07582649
13	115	 -0.01394240
13	116	  0.06673362
13	117	 -0.03609326
13	118	 -0.04625471
13	119	  0.04646618
13	120	 -0.05757236
13	121	  0.04144054
14	1	 -0.59508219
14	2	  1.27964059
14	3	 -6.48800275
14	4	  1.49881754
14	5	 -0.66375533
14	6	  0.19071418
14	7	 -0.00892409
14	8	 -0.01175363
14	9	 -0.00170402
14	10	  0.06495603
14	11	 -0.00864694
14	12	  2.05748087
14	13	 -7.87072795
14	14	 23.64949129
14	15	 -8.16503778
14	16	  2.87623601
14	17	 -1.48071673
14	18	  0.56656973
14	19	 -0.48266434
14	20	  0.11213790
14	21	 -0.15008589
14	22	 -0.06568571
14	23	 -0.72492692
14	24	  1.64146932
14	25	 -7.76223711
14	26	  1.34789886
14	27	 -0.63482600
14	28	  0.23140438
14	29	 -0.07716238
14	30	 -0.02643980
14	31	  0.05530167
14	32	  0.03028234
14	33	  0.05067109
14	34	  0.19301393
14	35	 -0.80243956
14	36	  2.69315147
14	37	 -0.57816868
14	38	  0.10755335
14	39	 -0.09460659
14	40	  0.01903240
14	41	  0.02774460
14	42	 -0.05550010
14	43	 -0.02930665
14	44	 -0.04783173
14	45	 -0.21118534
14	46	  0.41973764
14	47	 -1.43315479
14	48	  0.21089073
14	49	 -0.01273377
14	50	 -0.01249530
14	51	  0.01240093
14	52	 -0.04036542
14	53	  0.05352848
14	54	  0.03965354
14	55	  0.00795478
14	56	  0.09694838
14	57	 -0.27083624
14	58	  0.60903173
14	59	 -0.15708755
14	60	 -0.03596016
14	61	 -0.02073347
14	62	 -0.09087560
14	63	  0.11049545
14	64	 -0.05823509
14	65	 -0.01111794
14	66	  0.04581054
14	67	 -0.06396376
14	68	  0.08959685
14	69	 -0.35441875
14	70	 -0.01046070
14	71	  0.07054963
14	72	 -0.04037653
14	73	  0.04305424
14	74	 -0.04061577
14	75	  0.05153061
14	76	 -0.03424836
14	77	 -0.03410829
14	78	  0.00141586
14	79	 -0.04170492
14	80	  0.17495480
14	81	  0.03622923
14	82	 -0.15365724
14	83	 -0.00834038
14	84	 -0.02002206
14	85	 -0.05595542
14	86	  0.01130652
14	87	 -0.03329275
14	88	  0.06464166
14	89	 -0.05550282
14	90	  0.01123083
14	91	 -0.16712131
14	92	  0.01092954
14	93	 -0.01952412
14	94	  0.06052580
14	95	 -0.01227861
14	96	  0.00479675
14	97	 -0.04379904
14	98	 -0.02052556
14	99	 -0.02598631
14	100	 -0.02147687
14	101	 -0.02751502
14	102	  0.12457603
14	103	 -0.03084614
14	104	  0.03220423
14	105	 -0.06780821
14	106	 -0.02443375
14	107	  0.00806537
14	108	  0.06071049
14	109	 -0.03335626
14	110	  0.04890990
14	111	 -0.03052213
14	112	  0.01175568
14	113	 -0.03512494
14	114	  0.02511446
14	115	  0.01236806
14	116	 -0.03115187
14	117	  0.05534475
14	118	 -0.01446650
14	119	 -0.06971650
14	120	  0.00839613
14	121	 -0.00553259
15	1	  0.21108649
15	2	 -0.58974256
15	3	  1.28788973
15	4	 -6.43352111
15	5	  1.54479989
15	6	 -0.62531739
15	7	  0.25169990
15	8	 -0.07800824
15	9	  0.03972541
15	10	 -0.04844211
15	11	  0.07384255
15	12	 -1.22246561
15	13	  2.83901439
15	14	 -8.16503778
15	15	 23.53144847
15	16	 -8.14174411
15	17	  2.80885724
15	18	 -1.54299315
15	19	  0.60114883
15	20	 -0.38523519
15	21	  0.07997139
15	22	 -0.13971725
15	23	  0.37182817
15	24	 -0.77957013
15	25	  1.62574589
15	26	 -7.72632162
15	27	  1.30992561
15	28	 -0.50906503
15	29	  0.18382414
15	30	  0.00113170
15	31	 -0.05663740
15	32	  0.00841506
15	33	 -0.02861921
15	34	 -0.21858486
15	35	  0.33922210
15	36	 -0.85947919
15	37	  2.73032103
15	38	 -0.63079165
15	39	  0.24247481
15	40	 -0.19142519
15	41	 -0.04786318
15	42	  0.02774107
15	43	 -0.04189892
15	44	  0.03593871
15	45	  0.08298873
15	46	 -0.18190590
15	47	  0.33005006
15	48	 -1.36558742
15	49	  0.24362032
15	50	 -0.07354378
15	51	 -0.04373891
15	52	  0.07371444
15	53	 -0.00295580
15	54	 -0.01239383
15	55	 -0.01583403
15	56	  0.03391109
15	57	 -0.03725099
15	58	 -0.16659730
15	59	  0.56832323
15	60	 -0.13818335
15	61	  0.07125255
15	62	 -0.06702110
15	63	  0.02955777
15	64	 -0.05631525
15	65	  0.09232103
15	66	 -0.00785605
15	67	  0.00282313
15	68	 -0.08996206
15	69	  0.08108725
15	70	 -0.37181030
15	71	 -0.00543077
15	72	 -0.00429080
15	73	 -0.05238926
15	74	 -0.00502488
15	75	 -0.03874549
15	76	  0.10500707
15	77	 -0.08694016
15	78	 -0.05636323
15	79	 -0.00194055
15	80	 -0.12250127
15	81	  0.13528700
15	82	  0.06879156
15	83	 -0.01863046
15	84	 -0.00113619
15	85	  0.06315417
15	86	 -0.10442535
15	87	  0.05582010
15	88	  0.00877384
15	89	  0.08015410
15	90	 -0.02947180
15	91	  0.00247034
15	92	 -0.04200502
15	93	 -0.06567623
15	94	 -0.05089553
15	95	  0.07411253
15	96	 -0.07399077
15	97	  0.04914942
15	98	 -0.06805209
15	99	  0.03607526
15	100	  0.01197464
15	101	  0.02522108
15	102	 -0.05675910
15	103	  0.02512948
15	104	  0.04640744
15	105	 -0.10880462
15	106	 -0.01301834
15	107	  0.03038675
15	108	 -0.06139565
15	109	  0.06506832
15	110	  0.01112832
15	111	  0.00646335
15	112	 -0.09604857
15	113	  0.05896845
15	114	  0.03656500
15	115	 -0.03180212
15	116	  0.06011657
15	117	 -0.04679441
15	118	  0.02833827
15	119	 -0.01721457
15	120	 -0.01153814
15	121	 -0.03771780
16	1	 -0.04471112
16	2	  0.26310251
16	3	 -0.57157852
16	4	  1.26409697
16	5	 -6.43709966
16	6	  1.36151629
16	7	 -0.62813134
16	8	  0.29406634
16	9	 -0.11433426
16	10	  0.07335044
16	11	 -0.01185326
16	12	  0.39824532
16	13	 -1.53428218
16	14	  2.87623601
16	15	 -8.14174411
16	16	 23.59770409
16	17	 -8.13235083
16	18	  2.89708939
16	19	 -1.49201868
16	20	  0.52268979
16	21	 -0.33427622
16	22	 -0.01711206
16	23	 -0.12503686
16	24	  0.35320242
16	25	 -0.70147205
16	26	  1.63231362
16	27	 -7.69919830
16	28	  1.34193486
16	29	 -0.48716756
16	30	  0.10359642
16	31	 -0.04534458
16	32	  0.00211961
16	33	 -0.01222750
16	34	  0.01780318
16	35	 -0.20541525
16	36	  0.22860500
16	37	 -0.86444136
16	38	  2.78797182
16	39	 -0.70635186
16	40	  0.14192029
16	41	 -0.01000255
16	42	  0.00355751
16	43	  0.02256581
16	44	  0.00798456
16	45	  0.07248357
16	46	 -0.03952278
16	47	 -0.14775119
16	48	  0.39659760
16	49	 -1.43784675
16	50	  0.18210915
16	51	 -0.14987959
16	52	  0.05510379
16	53	 -0.04385329
16	54	 -0.04861436
16	55	 -0.01014328
16	56	 -0.07532991
16	57	 -0.02309036
16	58	  0.10226858
16	59	 -0.24174958
16	60	  0.66819968
16	61	 -0.08014728
16	62	 -0.03308154
16	63	 -0.03721824
16	64	  0.04559147
16	65	  0.01564340
16	66	 -0.00847003
16	67	 -0.04237665
16	68	  0.02262263
16	69	 -0.04808081
16	70	  0.05260245
16	71	 -0.34302772
16	72	 -0.08333764
16	73	  0.06717431
16	74	 -0.01263384
16	75	  0.07775106
16	76	 -0.08500970
16	77	  0.04514716
16	78	  0.05230676
16	79	 -0.02196532
16	80	 -0.02926780
16	81	  0.00876054
16	82	  0.10004385
16	83	  0.00087535
16	84	 -0.00737381
16	85	 -0.02295090
16	86	  0.02044720
16	87	 -0.08024649
16	88	  0.01383977
16	89	 -0.04502329
16	90	 -0.03428045
16	91	  0.03945010
16	92	 -0.01171314
16	93	 -0.08611866
16	94	  0.04924946
16	95	 -0.11426085
16	96	  0.01391884
16	97	 -0.05198555
16	98	  0.04122721
16	99	  0.00582360
16	100	 -0.05770173
16	101	  0.06741914
16	102	 -0.02644877
16	103	 -0.03149924
16	104	  0.05022669
16	105	 -0.02476099
16	106	  0.05222296
16	107	 -0.07788657
16	108	  0.01456974
16	109	  0.01859962
16	110	 -0.03556710
16	111	 -0.00017440
16	112	  0.00040940
16	113	 -0.02938047
16	114	 -0.00066237
16	115	  0.01862394
16	116	 -0.03852492
16	117	 -0.00332757
16	118	  0.03302346
16	119	 -0.02296871
16	120	  0.06811538
16	121	 -0.03268429
17	1	  0.04635796
17	2	 -0.06617465
17	3	  0.17416363
17	4	 -0.48344867
17	5	  1.16984830
17	6	 -6.40689048
17	7	  1.50700192
17	8	 -0.68613269
17	9	  0.33580817
17	10	 -0.11753456
17	11	  0.13028446
17	12	 -0.32919896
17	13	  0.54078509
17	14	 -1.48071673
17	15	  2.80885724
17	16	 -8.13235083
17	17	 23.56164327
17	18	 -8.15267512
17	19	  2.97499535
17	20	 -1.61340758
17	21	  0.51273723
17	22	 -0.43292393
17	23	  0.10633234
17	24	 -0.15592658
17	25	  0.39997771
17	26	 -0.66726072
17	27	  1.69302325
17	28	 -7.70443083
17	29	  1.22702817
17	30	 -0.59367391
17	31	  0.25069206
17	32	 -0.08721527
17	33	  0.14369689
17	34	 -0.02311523
17	35	  0.04854620
17	36	 -0.17654486
17	37	  0.15520014
17	38	 -0.91088266
17	39	  2.74108207
17	40	 -0.53805548
17	41	  0.06705168
17	42	 -0.05857595
17	43	 -0.00300533
17	44	 -0.09521956
17	45	  0.00370971
17	46	 -0.07964624
17	47	  0.02558555
17	48	 -0.09178260
17	49	  0.37231620
17	50	 -1.37026507
17	51	  0.30198188
17	52	 -0.18762452
17	53	  0.16114308
17	54	 -0.06250446
17	55	  0.10807797
17	56	 -0.03343921
17	57	 -0.01954844
17	58	  0.04407491
17	59	  0.05246908
17	60	 -0.27058167
17	61	  0.56626544
17	62	 -0.14939662
17	63	  0.01882586
17	64	  0.00022667
17	65	 -0.04060682
17	66	 -0.06840518
17	67	  0.04839190
17	68	 -0.07592743
17	69	  0.04069886
17	70	 -0.11969850
17	71	  0.19280529
17	72	 -0.39842434
17	73	  0.04775456
17	74	 -0.02625978
17	75	 -0.09452932
17	76	  0.00922566
17	77	  0.04103625
17	78	  0.00626134
17	79	  0.00735066
17	80	  0.03393267
17	81	  0.03788039
17	82	 -0.02680650
17	83	  0.07066523
17	84	  0.03908077
17	85	  0.02137997
17	86	  0.01542752
17	87	  0.02890632
17	88	 -0.03757814
17	89	 -0.03353075
17	90	  0.06650350
17	91	 -0.09439599
17	92	 -0.07115557
17	93	  0.04546890
17	94	 -0.08050180
17	95	  0.03082993
17	96	 -0.10587281
17	97	  0.02410624
17	98	 -0.01545293
17	99	 -0.00360952
17	100	  0.00365523
17	101	 -0.06577529
17	102	 -0.00314373
17	103	 -0.02798088
17	104	  0.01883391
17	105	  0.03688455
17	106	 -0.08248408
17	107	  0.08343396
17	108	 -0.07257667
